-2.900000 -1.000000 -1.000000 -2.900000 
-2.000000 -4.100000 -0.100000 -1.900000 
-1.100000 1.700000 1.700000 -1.000000 
0.700000 3.500000 -0.100000 -0.100000 
-2.900000 1.300000 -2.900000 1.700000 
-1.900000 -0.100000 -4.100000 -2.000000 
-1.000000 1.700000 1.700000 -1.000000 
-0.100000 3.500000 3.500000 -4.100000 
1.700000 5.300000 1.300000 1.700000 
-0.100000 7.100000 4.300000 3.500000 
-1.000000 -1.000000 1.700000 -1.100000 
-4.100000 -4.100000 3.500000 -0.100000 
1.700000 1.700000 5.300000 1.700000 
3.500000 3.100000 7.100000 3.500000 
1.300000 9.800000 6.100000 5.300000 
-0.100000 -5.900000 -4.100000 -2.000000 
1.700000 -1.000000 1.700000 -1.000000 
3.500000 -0.100000 3.100000 -4.100000 
5.300000 9.800000 9.800000 1.700000 
7.100000 12.500000 8.800000 3.100000 
-1.000000 -1.900000 -1.000000 -2.000000 
-5.000000 -1.900000 -1.900000 -5.000000 
1.700000 -1.000000 -1.000000 -1.000000 
3.100000 12.500000 12.500000 -0.100000 
9.800000 15.000000 11.500000 9.800000 
-5.000000 -2.000000 -1.900000 -2.000000 
-1.900000 -2.000000 -1.900000 -1.000000 
-0.100000 -2.000000 -1.000000 -1.000000 
-1.000000 -2.000000 15.000000 -1.000000 
0.000000 0.000000 0.000000 0.000000 