1  151
2  591
3  221
4  57
5  139
6  111
7  99
8  39
9  40
10  14
11  33
12  15
13  51
14  10
15  79
16  18
17  12
18  38
19  29
20  30
21  75
22  36
23  55
24  27
25  23
26  25
27  49
28  22
29  39
30  21
31  20
32  22
33  34
34  15
35  25
36  33
37  23
38  35
39  24
40  20
41  14
42  13
43  37
44  25
45  14
46  23
47  21
48  35
49  16
50  28
51  14
52  31
53  23
54  38
55  16
56  15
57  15
58  11
59  12
60  13
61  12
62  27
63  21
64  18
65  11
66  9
67  8
68  15
69  10
70  8
71  11
72  11
73  17
74  13
75  23
76  9
77  9
78  11
79  12
80  11
81  11
82  10
83  11
84  20
85  14
86  15
87  16
88  11
89  10
90  20
91  15
92  9
93  18
94  13
95  13
96  12
97  11
98  12
99  16
100  11
101  17
102  15
103  15
104  15
105  12
106  10
107  13
108  19
109  12
110  19
111  15
112  11
113  17
114  11
115  17
116  14
117  18
118  13
119  17
120  13
121  15
122  11
123  18
124  18
125  9
126  13
127  15
128  13
129  11
130  13
131  10
132  11
133  18
134  14
135  13
136  9
137  13
138  14
139  15
140  15
141  15
142  11
143  9
144  9
145  9
146  11
147  12
148  9
149  13
150  12
151  18
152  13
153  19
154  11
155  13
156  21
157  13
158  15
159  11
160  14
161  13
162  9
163  14
164  13
165  11
166  13
167  12
168  9
169  20
170  9
171  9
172  11
173  9
174  14
175  21
176  10
177  9
178  12
179  13
180  8
181  9
182  19
183  10
184  11
185  11
186  12
187  15
188  10
189  9
190  11
191  9
192  16
193  18
194  13
195  13
196  17
197  15
198  15
199  14
200  11
201  11
202  12
203  10
204  13
205  17
206  11
207  11
208  15
209  11
210  14
211  12
212  9
213  14
214  13
215  11
216  9
217  9
218  15
219  9
220  13
221  14
222  9
223  17
224  15
225  14
226  9
227  11
228  12
229  13
230  12
231  13
232  14
233  12
234  8
235  10
236  10
237  9
238  9
239  10
240  11
241  17
242  11
243  11
244  20
245  15
246  10
247  9
248  19
249  9
250  13
251  12
252  14
253  11
254  9
255  13
256  11
257  10
258  9
259  11
260  9
261  11
262  9
263  15
264  11
