1  7467
2  208
3  766
4  196
5  914
6  88
7  1642
8  489
9  121
10  218
11  69
12  339
13  343
14  205
15  174
16  93
17  811
18  348
19  22
20  71
21  23
22  301
23  111
24  33
25  107
26  720
27  114
28  79
29  107
30  123
31  98
32  207
33  51
34  33
35  30
36  39
37  110
38  58
39  136
40  71
41  15
42  23
43  90
44  48
45  99
46  49
47  49
48  43
49  27
50  42
51  137
52  30
53  26
54  33
55  31
56  175
57  16
58  20
59  32
60  45
61  29
62  55
63  24
64  41
65  31
66  42
67  14
68  75
69  70
70  13
71  15
72  17
73  16
74  21
75  15
76  16
77  32
78  10
79  63
80  29
81  25
82  25
83  16
84  26
85  25
86  15
87  20
88  20
89  15
90  37
91  39
92  12
93  19
94  17
95  46
96  18
97  14
98  12
99  18
100  20
101  20
102  19
103  11
104  33
105  26
106  42
107  25
108  17
109  29
110  10
111  36
112  18
113  17
114  26
115  11
116  41
117  53
118  23
119  28
120  30
121  13
122  13
123  14
124  13
125  21
126  15
127  19
128  48
129  25
130  19
131  50
132  11
133  26
134  19
135  18
136  17
137  26
138  32
139  22
140  11
141  8
142  21
143  26
144  19
145  23
146  8
147  26
148  29
149  43
150  23
151  14
152  13
153  90
154  14
155  19
156  17
157  55
158  22
159  29
160  15
161  21
162  20
163  16
164  15
165  54
166  15
167  19
168  31
169  24
170  22
171  52
172  21
173  24
174  21
175  30
176  9
177  20
178  52
179  40
180  24
181  31
182  52
183  15
184  20
185  12
186  22
187  9
188  26
189  31
190  17
191  16
192  35
193  9
194  20
195  16
196  16
197  19
198  35
199  46
200  80
201  28
202  11
203  12
204  25
205  15
206  16
207  20
208  17
209  11
210  22
211  18
212  23
213  33
214  15
215  31
216  40
217  11
218  11
219  24
220  63
221  78
222  40
223  14
224  27
225  17
226  26
227  10
228  26
229  28
230  54
231  39
232  16
233  29
234  26
235  58
236  11
237  48
238  14
239  45
240  45
241  13
242  88
243  28
244  28
245  14
246  23
247  15
248  23
249  22
250  24
251  12
252  21
253  14
254  17
255  76
256  34
257  21
258  9
259  71
260  31
261  12
262  22
263  31
264  32
265  72
266  19
267  12
268  15
269  32
270  12
271  11
272  68
273  13
274  21
275  18
276  122
277  38
278  13
279  36
280  11
281  20
282  30
283  13
284  24
285  13
286  34
287  13
288  11
289  17
290  23
291  62
292  28
293  11
294  11
295  8
296  21
297  44
298  11
299  35
300  33
301  65
302  25
303  42
304  12
305  33
306  29
307  27
308  17
309  25
310  11
311  18
312  12
313  12
314  42
315  20
316  16
317  46
318  22
319  13
320  11
321  39
322  96
323  37
324  17
325  119
326  15
327  17
328  33
329  93
330  32
331  13
332  13
333  11
334  13
335  56
336  33
337  23
338  29
339  16
340  30
341  24
342  30
343  32
344  21
345  32
346  19
347  112
348  28
349  12
