1  264
2  829
3  269
4  69
5  33
6  12
7  29
8  27
9  28
10  23
11  20
12  26
13  25
14  19
15  27
16  23
17  18
18  12
19  31
20  13
21  19
22  12
23  13
24  8
25  17
26  17
27  11
28  39
29  12
30  26
31  24
32  19
33  30
34  20
35  12
36  13
37  18
38  13
39  29
40  12
41  14
42  11
43  15
44  19
45  16
46  11
47  11
48  19
49  11
50  11
51  19
52  21
53  10
54  15
55  14
56  10
57  19
58  13
59  32
60  13
61  11
62  15
63  19
64  13
65  20
66  19
67  14
68  15
69  10
70  22
71  10
72  19
73  11
74  9
75  16
76  10
77  14
78  11
79  16
80  14
81  11
82  13
83  13
84  10
85  10
86  18
87  19
88  12
89  10
90  11
91  10
92  12
93  13
94  13
95  14
96  9
97  16
98  12
99  11
100  15
101  11
102  15
103  13
104  20
105  18
106  13
107  11
108  9
109  20
110  9
111  13
112  22
113  12
114  10
115  16
116  13
117  17
118  21
119  11
120  11
121  13
122  10
123  11
124  9
125  12
126  10
127  10
128  10
129  11
130  10
131  13
132  13
133  10
134  13
135  11
136  16
137  11
138  9
139  11
140  14
141  9
142  16
143  11
144  15
145  15
146  19
147  13
148  11
149  11
150  11
151  10
152  12
153  15
154  17
155  11
156  11
157  11
158  13
159  12
160  11
161  17
162  14
163  16
164  13
165  10
166  10
167  10
168  11
169  14
170  10
171  9
172  15
173  11
174  9
175  9
176  16
177  15
178  12
179  13
180  13
181  15
182  13
183  11
184  14
185  13
186  9
187  10
188  13
189  11
190  10
191  13
192  13
193  8
194  9
195  12
196  9
197  13
198  9
199  13
200  9
201  11
202  10
203  11
204  13
205  9
206  14
207  12
208  9
209  16
210  12
211  10
212  13
213  10
214  11
215  11
216  15
217  14
218  9
219  8
220  14
221  14
222  11
223  11
224  13
225  13
226  8
227  10
228  11
229  16
230  10
231  17
232  11
233  11
234  11
235  11
236  9
237  9
238  10
239  10
240  19
241  15
242  11
243  13
244  13
245  11
246  10
247  9
248  15
249  14
250  9
251  9
252  11
253  10
254  9
255  11
256  11
257  11
258  14
259  16
260  14
261  13
262  10
263  11
264  11
265  12
266  15
267  8
268  13
269  9
270  9
271  8
272  12
273  10
274  11
275  11
276  11
277  11
278  8
279  9
280  9
281  10
282  9
283  12
284  11
285  11
286  15
287  11
288  10
289  10
290  13
291  10
292  12
293  11
294  11
295  10
296  9
297  9
298  12
299  9
300  11
301  11
302  9
303  9
304  9
305  10
306  9
307  11
308  13
309  13
310  9
311  9
312  9
313  9
314  13
315  10
316  9
317  11
318  11
319  9
320  10
321  8
322  13
323  9
324  8
325  11
326  13
327  14
328  9
329  11
330  13
331  13
332  11
333  9
334  9
335  11
336  11
337  10
338  10
339  11
340  9
341  9
342  9
343  15
344  12
345  11
346  13
347  17
348  15
349  9
350  9
351  12
352  12
353  15
354  9
355  12
356  9
357  9
358  9
359  10
360  13
361  10
362  9
363  11
364  9
365  10
366  11
367  13
368  13
369  9
370  9
371  11
372  9
373  8
374  9
375  11
376  9
377  15
378  11
379  9
380  10
381  10
382  9
383  16
384  9
385  13
386  9
387  12
388  15
389  12
390  11
391  9
392  9
393  12
394  15
395  9
396  8
397  9
398  8
399  11
400  13
401  11
402  13
403  9
404  11
405  14
406  12
407  9
408  13
409  16
410  12
411  9
412  9
413  11
414  9
415  11
416  13
417  11
418  8
419  11
420  9
421  11
422  11
423  9
424  10
425  8
426  8
427  10
428  11
429  9
430  9
431  9
432  9
433  11
434  13
435  9
436  11
437  13
438  11
439  9
440  13
441  9
442  9
443  12
444  10
445  14
446  9
447  8
448  9
449  12
450  9
451  11
452  9
453  12
454  10
455  10
456  9
457  11
458  15
459  11
460  9
461  12
462  9
463  10
464  15
465  12
466  10
467  10
468  14
469  9
470  10
471  9
472  15
473  9
474  15
475  10
476  11
477  11
478  9
479  11
480  11
481  11
482  11
483  9
484  11
485  9
486  13
487  10
488  9
489  13
490  12
491  9
492  10
493  11
494  13
495  9
496  13
497  9
498  10
499  12
500  9
501  11
502  9
503  10
504  11
505  11
506  10
507  13
508  9
509  9
510  9
511  10
512  9
513  10
514  9
515  9
516  10
517  10
518  11
519  9
520  14
521  11
522  9
523  16
524  9
525  11
526  12
527  9
528  11
529  9
530  9
531  13
532  9
533  9
534  9
535  10
536  11
537  12
538  11
539  11
540  14
541  13
542  9
543  14
544  9
545  10
546  13
547  11
548  9
549  13
550  9
551  9
552  11
553  9
554  9
555  13
556  10
557  9
558  9
559  14
560  9
561  10
562  9
563  9
564  11
565  13
566  11
567  11
568  13
569  11
570  9
571  9
572  10
573  11
574  9
575  9
576  9
577  17
578  10
579  9
580  10
581  12
582  9
583  12
584  11
585  9
586  9
587  9
588  9
589  11
590  8
591  10
592  9
593  9
594  9
595  9
596  9
597  10
598  11
599  11
600  11
601  12
602  11
603  13
604  10
605  8
606  8
607  11
608  9
609  10
610  15
611  10
612  8
613  9
614  11
615  9
616  11
617  9
618  11
619  9
620  9
621  11
622  11
623  10
624  13
625  9
626  9
627  11
628  9
629  10
630  9
631  9
632  8
633  10
634  11
635  10
636  14
637  9
638  12
639  12
640  9
641  9
642  11
643  9
644  10
645  9
646  13
647  14
648  9
649  9
650  8
651  9
652  9
653  9
654  12
655  9
656  11
657  10
658  9
659  9
660  9
661  10
662  8
663  11
664  8
665  10
666  9
667  9
668  9
669  10
670  9
671  11
672  10
673  11
674  11
675  9
676  12
677  12
678  9
679  8
680  11
681  11
682  10
683  10
684  8
685  11
686  9
687  10
688  11
689  9
690  10
691  9
692  11
693  13
694  9
695  9
696  9
697  9
698  12
699  12
700  9
701  9
702  12
703  9
704  12
705  9
706  9
707  9
708  11
709  9
710  9
711  11
712  11
713  11
714  10
715  9
716  9
717  9
718  9
719  9
720  9
721  9
722  9
723  15
724  9
725  11
726  9
727  11
728  10
729  10
730  12
731  9
732  11
733  9
734  9
735  11
736  9
737  9
738  9
739  13
740  11
741  9
742  11
743  9
744  13
745  11
746  9
747  11
748  12
749  16
750  9
751  10
752  9
753  9
754  13
755  9
756  9
757  15
758  9
759  9
760  8
761  11
762  11
763  15
764  9
765  13
766  9
767  13
768  9
769  12
770  10
771  13
772  9
773  9
774  9
775  9
776  9
777  12
778  10
779  8
780  9
781  11
782  9
783  9
784  11
785  9
786  10
787  11
788  9
789  11
790  11
791  9
792  9
793  11
794  8
795  16
796  9
797  9
798  9
799  11
800  11
801  11
802  10
803  11
804  11
805  9
806  16
807  9
808  11
809  10
810  13
811  9
812  9
813  9
814  9
815  9
816  10
817  10
818  12
819  9
820  11
821  13
822  9
823  13
824  9
825  9
826  11
827  9
828  9
829  9
830  9
831  10
832  12
833  13
834  9
835  13
836  9
837  11
838  10
839  9
840  9
841  9
842  11
843  11
844  12
845  9
846  9
847  9
848  9
849  11
850  12
851  9
852  9
853  8
854  12
855  11
856  9
857  11
858  9
859  9
860  9
861  9
862  9
863  9
864  9
865  10
866  13
867  9
868  9
869  9
870  11
871  9
872  9
873  9
874  11
875  9
876  9
877  11
878  9
879  9
880  11
881  11
882  16
883  9
884  9
885  12
886  9
887  9
888  9
889  9
890  12
891  9
892  11
893  11
894  8
895  12
896  9
897  11
898  11
899  12
900  9
901  10
902  9
903  13
904  9
905  9
906  9
907  11
908  9
909  9
910  10
911  9
912  9
913  9
914  9
915  11
916  9
917  9
918  9
919  11
920  9
921  9
922  9
923  9
924  12
925  10
926  11
927  9
928  13
929  9
930  9
931  9
932  11
933  10
934  13
935  9
936  10
937  9
938  11
939  11
940  10
941  9
942  9
943  10
944  11
945  9
946  9
947  9
948  9
949  9
950  11
951  11
952  9
953  9
954  9
955  10
956  10
957  9
958  12
959  9
960  9
961  9
962  11
963  9
964  9
965  11
966  9
967  9
968  10
969  9
970  14
971  11
972  10
973  10
974  9
975  10
976  9
977  11
978  11
979  9
980  11
981  9
982  9
983  9
984  9
985  10
986  9
987  9
988  10
989  9
990  9
991  9
992  9
993  9
994  11
995  9
996  9
997  11
998  9
999  9
1000  9
1001  9
1002  10
1003  9
1004  9
1005  9
1006  11
1007  11
1008  9
1009  9
1010  9
1011  10
1012  8
1013  10
1014  11
1015  9
1016  9
1017  9
1018  9
1019  9
1020  9
1021  9
1022  9
1023  9
1024  11
1025  11
1026  10
1027  11
1028  9
1029  11
1030  9
1031  10
1032  9
1033  10
1034  9
1035  9
1036  8
1037  9
1038  9
1039  11
1040  9
1041  12
1042  9
1043  11
1044  9
1045  9
1046  9
1047  11
1048  9
1049  9
1050  11
1051  9
1052  9
1053  8
1054  9
1055  9
1056  9
1057  11
1058  9
1059  9
1060  9
1061  11
1062  9
1063  9
1064  11
1065  9
1066  11
1067  11
1068  11
1069  9
1070  8
1071  11
1072  9
1073  9
1074  9
1075  10
1076  9
1077  9
1078  10
1079  9
1080  9
1081  9
1082  9
1083  9
1084  10
1085  11
1086  9
1087  15
1088  9
1089  11
1090  11
1091  14
1092  10
1093  12
1094  10
1095  9
1096  9
1097  11
1098  9
1099  9
1100  11
1101  11
1102  9
1103  9
1104  10
1105  11
1106  9
1107  9
1108  10
1109  9
1110  9
1111  11
1112  11
1113  11
1114  9
1115  9
1116  11
1117  10
1118  9
1119  9
1120  9
1121  9
1122  9
1123  9
1124  9
1125  13
1126  9
1127  9
1128  9
1129  9
1130  9
1131  10
1132  11
1133  11
1134  9
1135  11
1136  9
1137  10
1138  9
1139  11
1140  8
1141  9
1142  9
1143  10
1144  11
1145  10
1146  9
1147  8
1148  9
1149  9
1150  12
1151  9
1152  11
1153  10
1154  13
1155  9
1156  10
1157  11
1158  9
1159  9
1160  12
1161  9
1162  9
1163  10
1164  9
1165  9
1166  13
1167  8
1168  9
1169  10
1170  11
1171  9
1172  11
1173  9
1174  10
1175  10
1176  9
1177  9
1178  9
1179  11
1180  9
1181  9
1182  8
1183  9
1184  9
1185  9
1186  9
1187  9
1188  10
1189  9
1190  9
1191  9
1192  9
1193  9
1194  9
1195  11
1196  9
1197  13
1198  9
1199  8
1200  11
1201  9
1202  9
1203  9
1204  9
1205  12
1206  9
1207  9
1208  9
1209  9
1210  9
1211  9
1212  11
1213  11
1214  10
1215  9
1216  11
1217  9
1218  9
1219  11
1220  9
1221  11
1222  11
1223  9
1224  9
1225  9
1226  11
1227  9
1228  9
1229  9
1230  9
1231  9
1232  13
1233  8
1234  9
1235  9
1236  8
1237  12
1238  9
1239  10
1240  9
1241  9
1242  10
1243  10
1244  9
1245  9
1246  9
1247  9
1248  9
1249  9
1250  9
1251  12
1252  9
1253  11
1254  13
1255  9
1256  9
1257  9
1258  9
1259  9
1260  9
1261  9
1262  9
1263  11
1264  9
1265  9
1266  11
1267  11
1268  9
1269  9
1270  9
1271  11
1272  9
1273  11
1274  9
1275  9
1276  12
1277  9
1278  9
1279  10
1280  9
1281  11
1282  9
1283  9
1284  9
1285  9
1286  9
1287  9
1288  9
1289  9
1290  13
1291  9
1292  9
1293  9
1294  10
1295  9
1296  9
1297  11
1298  9
1299  9
1300  9
1301  9
1302  9
1303  12
1304  9
1305  9
1306  9
1307  10
1308  9
1309  11
1310  9
1311  11
1312  9
1313  9
1314  9
1315  9
1316  12
1317  9
1318  13
1319  11
1320  10
1321  10
1322  9
1323  9
1324  9
1325  10
1326  9
1327  9
1328  11
1329  11
1330  9
1331  11
1332  9
1333  11
1334  11
1335  9
1336  12
1337  9
1338  9
1339  9
1340  9
1341  9
1342  12
1343  9
1344  9
1345  9
1346  9
1347  8
1348  9
1349  9
1350  9
1351  9
1352  9
1353  9
1354  9
1355  12
1356  10
1357  9
1358  10
1359  9
1360  10
1361  11
1362  9
1363  9
1364  11
1365  9
1366  9
1367  9
1368  9
1369  11
1370  9
1371  10
1372  11
1373  9
1374  15
1375  9
1376  9
1377  9
1378  9
1379  10
1380  9
1381  9
1382  9
1383  9
1384  9
1385  9
1386  9
1387  9
1388  9
1389  9
1390  9
1391  9
1392  9
1393  8
1394  9
1395  9
1396  9
1397  9
1398  12
1399  9
1400  10
1401  13
1402  9
1403  9
1404  9
1405  9
1406  13
1407  12
1408  9
1409  10
1410  9
1411  9
1412  9
1413  9
1414  8
1415  9
1416  10
1417  9
1418  9
1419  9
1420  9
1421  11
1422  10
1423  10
1424  9
1425  11
1426  11
1427  9
1428  9
1429  11
1430  9
1431  10
1432  11
1433  14
1434  9
1435  9
1436  9
1437  9
1438  13
1439  9
1440  11
1441  11
1442  9
1443  9
1444  11
1445  8
1446  11
1447  10
1448  11
1449  9
1450  11
1451  10
1452  9
1453  9
1454  9
1455  9
1456  9
1457  9
1458  9
1459  9
1460  9
1461  9
1462  13
1463  9
1464  9
1465  10
1466  9
1467  13
1468  9
1469  10
1470  9
1471  9
1472  11
1473  11
1474  12
1475  9
1476  11
1477  10
1478  9
1479  11
1480  11
1481  10
1482  9
1483  10
1484  9
1485  9
1486  8
1487  10
1488  11
1489  9
1490  9
1491  9
1492  9
1493  9
1494  11
1495  9
1496  9
1497  9
1498  9
1499  9
1500  10
1501  11
1502  9
1503  11
1504  9
1505  9
1506  9
1507  9
1508  9
1509  11
1510  9
1511  11
1512  9
1513  9
1514  9
1515  9
1516  9
1517  9
1518  9
1519  9
1520  9
1521  9
1522  9
1523  9
1524  9
1525  9
1526  9
1527  9
1528  9
1529  9
1530  9
1531  9
1532  11
1533  9
1534  9
1535  9
1536  9
1537  9
1538  9
1539  13
1540  11
1541  9
1542  10
1543  9
1544  9
1545  11
1546  11
1547  9
1548  10
1549  11
1550  9
1551  9
1552  9
1553  13
1554  9
1555  11
1556  9
1557  9
1558  9
1559  11
1560  10
1561  10
1562  9
1563  9
1564  9
1565  9
1566  9
1567  11
1568  9
1569  10
1570  9
1571  11
1572  11
1573  9
1574  9
1575  9
1576  9
1577  11
1578  9
1579  9
1580  9
1581  9
1582  11
1583  9
1584  9
1585  9
1586  9
1587  10
1588  9
1589  8
1590  9
1591  9
1592  9
1593  11
1594  9
1595  9
1596  11
1597  9
1598  9
1599  9
1600  9
1601  9
1602  9
1603  10
1604  9
1605  10
1606  9
1607  11
1608  9
1609  9
1610  9
1611  9
1612  9
1613  9
1614  9
1615  9
1616  9
1617  9
1618  9
1619  11
1620  11
1621  9
1622  10
1623  10
1624  9
1625  9
1626  9
1627  9
1628  9
1629  9
1630  9
1631  9
1632  9
1633  9
1634  9
1635  8
1636  8
1637  9
1638  9
1639  9
1640  11
1641  11
1642  9
1643  9
1644  9
1645  9
1646  9
1647  9
1648  14
1649  9
1650  9
1651  9
1652  11
1653  9
1654  9
1655  11
1656  9
1657  11
1658  11
1659  10
1660  9
1661  9
1662  9
1663  9
1664  9
1665  11
1666  11
1667  13
1668  9
1669  9
1670  9
1671  9
1672  9
1673  9
1674  11
1675  12
1676  9
1677  9
1678  11
1679  10
1680  9
1681  9
1682  9
1683  9
1684  9
1685  15
1686  9
1687  9
1688  9
1689  13
1690  9
1691  9
1692  9
1693  9
1694  9
1695  9
1696  11
1697  9
1698  9
1699  9
1700  9
1701  9
1702  9
1703  9
1704  10
1705  11
1706  9
1707  9
1708  9
1709  9
1710  9
1711  9
1712  9
1713  9
1714  9
1715  9
1716  9
1717  9
1718  11
1719  9
1720  9
1721  9
1722  11
1723  9
1724  9
1725  11
1726  11
1727  9
1728  10
1729  9
1730  9
1731  11
1732  9
1733  9
1734  9
1735  9
1736  9
1737  9
1738  11
1739  11
1740  10
1741  9
1742  9
1743  9
1744  9
1745  9
1746  9
1747  9
1748  9
1749  9
1750  11
1751  11
1752  9
1753  9
1754  9
1755  9
1756  11
1757  9
1758  9
1759  10
1760  9
1761  9
1762  10
1763  9
1764  9
1765  9
1766  11
1767  9
1768  8
1769  9
1770  9
1771  9
1772  9
1773  9
1774  10
1775  9
1776  9
1777  11
1778  9
1779  9
1780  9
1781  9
1782  11
1783  9
1784  9
1785  9
1786  9
1787  9
1788  10
1789  9
1790  9
1791  9
1792  15
1793  12
1794  9
1795  9
1796  11
1797  11
1798  9
1799  11
1800  9
1801  13
1802  9
1803  11
1804  11
1805  9
1806  9
1807  9
1808  11
1809  9
1810  9
1811  9
1812  9
1813  10
1814  9
1815  9
1816  9
1817  11
1818  9
1819  9
1820  9
1821  9
1822  9
1823  9
1824  9
1825  9
1826  9
1827  10
1828  9
1829  9
1830  10
1831  9
1832  11
1833  9
1834  9
1835  9
1836  9
1837  11
1838  9
1839  9
1840  11
1841  9
1842  8
1843  9
1844  11
1845  10
1846  8
1847  9
1848  9
1849  9
1850  9
1851  10
1852  10
1853  9
1854  9
1855  9
1856  9
1857  13
1858  9
1859  9
1860  11
1861  9
1862  9
1863  9
1864  9
1865  9
1866  9
1867  9
1868  9
1869  9
1870  9
1871  9
1872  9
1873  11
1874  9
1875  9
1876  9
1877  9
1878  9
1879  9
1880  9
1881  9
1882  9
1883  9
1884  9
1885  9
1886  9
1887  9
1888  9
1889  9
1890  9
1891  9
1892  9
1893  12
1894  10
1895  9
1896  9
1897  9
1898  9
1899  9
1900  9
1901  9
1902  9
1903  9
1904  9
1905  11
1906  9
1907  9
1908  11
1909  11
1910  9
1911  9
1912  9
1913  9
1914  9
1915  9
1916  9
1917  9
1918  9
1919  9
1920  9
1921  9
1922  9
1923  9
1924  10
1925  11
1926  9
1927  9
1928  9
1929  9
1930  9
1931  11
1932  9
1933  9
1934  9
1935  9
1936  9
1937  11
1938  9
1939  9
1940  9
1941  9
1942  11
1943  11
1944  9
1945  9
1946  9
1947  9
1948  9
1949  9
1950  9
1951  9
1952  9
1953  9
1954  9
1955  9
1956  9
1957  9
1958  9
1959  9
1960  9
1961  11
1962  9
1963  11
1964  9
1965  9
1966  9
1967  11
1968  9
1969  9
1970  8
1971  9
1972  11
1973  9
1974  9
1975  8
1976  9
1977  9
1978  11
1979  9
1980  9
1981  9
1982  9
1983  9
1984  8
1985  9
1986  11
1987  9
1988  9
1989  11
1990  9
1991  9
1992  10
1993  9
1994  9
1995  10
1996  9
1997  9
1998  11
1999  9
2000  9
2001  9
2002  9
2003  11
2004  9
2005  9
2006  12
2007  11
2008  11
2009  9
2010  9
2011  9
2012  9
2013  10
2014  9
2015  9
2016  9
2017  9
2018  9
2019  9
2020  9
2021  9
2022  9
2023  11
2024  11
2025  9
2026  9
2027  9
2028  11
2029  9
2030  9
2031  9
2032  10
2033  9
2034  10
2035  12
2036  9
2037  9
2038  9
2039  10
2040  10
2041  9
2042  9
2043  9
2044  9
2045  9
2046  9
2047  9
2048  9
2049  9
2050  9
2051  9
2052  10
2053  9
2054  11
2055  9
2056  9
2057  9
2058  8
2059  9
2060  9
2061  9
2062  9
2063  9
2064  9
2065  9
2066  11
2067  11
2068  12
2069  11
2070  9
2071  9
2072  9
2073  9
2074  11
2075  9
2076  9
2077  9
2078  11
2079  11
2080  9
2081  9
2082  9
2083  11
2084  11
2085  9
2086  9
2087  9
2088  11
2089  10
2090  11
2091  9
2092  11
2093  11
2094  9
2095  9
2096  12
2097  9
2098  9
2099  9
2100  11
2101  11
2102  9
2103  9
2104  9
2105  11
2106  9
2107  9
2108  9
2109  9
2110  9
2111  10
2112  9
2113  9
2114  9
2115  11
2116  9
2117  9
2118  9
2119  9
2120  8
2121  9
2122  11
2123  9
2124  9
2125  9
2126  8
2127  9
2128  9
2129  9
2130  11
2131  9
2132  9
2133  11
2134  9
2135  9
2136  12
2137  9
2138  9
2139  9
2140  9
2141  9
2142  9
2143  9
2144  11
2145  9
2146  9
2147  9
2148  9
2149  9
2150  9
2151  9
2152  9
2153  9
2154  9
2155  9
2156  9
2157  9
2158  11
2159  9
2160  9
2161  12
2162  9
2163  9
2164  9
2165  9
2166  9
2167  9
2168  9
2169  9
2170  9
2171  9
2172  8
2173  11
2174  9
2175  9
2176  9
2177  9
2178  9
2179  9
2180  9
2181  10
2182  9
2183  9
2184  9
2185  11
2186  9
2187  9
2188  9
2189  9
2190  9
2191  9
2192  11
2193  9
2194  9
2195  9
2196  9
2197  11
2198  9
2199  9
2200  11
2201  9
2202  9
2203  10
2204  11
2205  9
2206  9
2207  9
2208  9
2209  9
2210  9
2211  9
2212  9
2213  9
2214  12
2215  9
2216  9
2217  10
2218  9
2219  10
2220  9
2221  9
2222  9
2223  9
2224  11
2225  11
2226  11
2227  9
2228  9
2229  9
2230  9
2231  9
2232  9
2233  9
2234  9
2235  9
2236  11
2237  10
2238  9
2239  11
2240  12
2241  9
2242  9
2243  9
2244  9
2245  9
2246  9
2247  9
2248  9
2249  9
2250  11
2251  9
2252  9
2253  10
2254  9
2255  9
2256  9
2257  9
2258  9
2259  12
2260  9
2261  9
2262  9
2263  11
2264  11
2265  9
2266  9
2267  9
2268  9
2269  9
2270  9
2271  9
2272  11
2273  9
2274  9
2275  9
2276  10
2277  9
2278  9
2279  9
2280  9
2281  9
2282  9
2283  9
2284  9
2285  11
2286  9
2287  9
2288  9
2289  9
2290  9
2291  9
2292  9
2293  11
2294  9
2295  9
2296  9
2297  12
2298  9
2299  9
2300  9
2301  9
2302  9
2303  9
2304  12
2305  9
2306  9
2307  11
2308  9
2309  9
2310  9
2311  9
2312  11
2313  9
2314  11
2315  11
2316  10
2317  9
2318  10
2319  9
2320  9
2321  10
2322  9
2323  9
2324  9
2325  9
2326  9
2327  9
2328  8
2329  8
2330  9
2331  9
2332  9
2333  9
2334  9
2335  9
2336  9
2337  9
2338  11
2339  11
2340  9
2341  9
2342  9
2343  9
2344  9
2345  11
2346  9
2347  9
2348  9
2349  9
2350  8
2351  9
2352  9
2353  9
2354  11
2355  11
2356  9
2357  9
2358  9
2359  10
2360  9
2361  9
2362  9
2363  11
2364  9
2365  11
2366  9
2367  11
2368  9
2369  9
2370  9
2371  11
2372  9
2373  9
2374  9
2375  9
2376  9
2377  11
2378  10
2379  9
2380  11
2381  9
2382  9
2383  9
2384  9
2385  9
2386  9
2387  9
2388  9
2389  9
2390  9
2391  8
2392  10
2393  9
2394  9
2395  10
2396  9
2397  9
2398  9
2399  9
2400  11
2401  9
2402  9
2403  9
2404  9
2405  9
2406  9
2407  9
2408  9
2409  11
2410  9
2411  9
2412  11
2413  11
2414  9
2415  10
2416  9
2417  9
2418  9
2419  9
2420  9
2421  9
2422  11
2423  10
2424  9
2425  9
2426  9
2427  11
2428  9
2429  9
2430  9
2431  9
2432  9
2433  9
2434  9
2435  10
2436  9
2437  9
2438  10
2439  9
2440  9
2441  9
2442  8
2443  11
2444  9
2445  9
2446  9
2447  11
2448  9
2449  9
2450  9
2451  9
2452  9
2453  9
2454  9
2455  9
2456  9
2457  9
2458  9
2459  9
2460  9
2461  9
2462  9
2463  11
2464  9
2465  9
2466  11
2467  11
2468  9
2469  9
2470  9
2471  9
2472  9
2473  9
2474  11
2475  9
2476  11
2477  9
2478  9
2479  9
2480  9
2481  9
2482  9
2483  10
2484  10
2485  11
2486  9
2487  9
2488  9
2489  9
2490  11
2491  9
2492  11
2493  11
2494  9
2495  11
2496  9
2497  9
2498  10
2499  9
2500  9
2501  9
2502  9
2503  9
2504  9
2505  9
2506  9
2507  9
2508  9
2509  9
2510  9
2511  9
2512  9
2513  9
2514  9
2515  9
2516  11
2517  9
2518  9
2519  9
2520  9
2521  13
2522  10
2523  9
2524  9
2525  9
2526  9
2527  11
2528  9
2529  9
2530  9
2531  9
2532  9
2533  9
2534  11
2535  9
2536  9
2537  9
2538  9
2539  9
2540  9
2541  9
2542  9
2543  9
2544  9
2545  9
2546  9
2547  11
2548  9
2549  9
2550  9
2551  10
2552  9
2553  13
2554  9
2555  9
2556  11
2557  9
2558  9
2559  9
2560  9
2561  9
2562  11
2563  10
2564  9
2565  9
2566  9
2567  10
2568  11
2569  9
2570  9
2571  9
2572  9
2573  9
2574  9
2575  9
2576  9
2577  11
2578  10
2579  9
2580  9
2581  9
2582  9
2583  9
2584  9
2585  9
2586  11
2587  9
2588  9
2589  10
2590  9
2591  9
2592  9
2593  9
2594  9
2595  9
2596  9
2597  9
2598  9
2599  9
2600  9
2601  10
2602  9
2603  9
2604  9
2605  13
2606  9
2607  9
2608  12
2609  9
2610  9
2611  9
2612  9
2613  9
2614  11
2615  9
2616  9
2617  11
2618  9
2619  9
2620  9
2621  12
2622  9
2623  9
2624  10
2625  12
2626  11
2627  9
2628  9
2629  9
2630  9
2631  9
2632  11
2633  9
2634  9
2635  9
2636  9
2637  9
2638  9
2639  9
2640  9
2641  9
2642  9
2643  11
2644  9
2645  9
2646  9
2647  8
2648  9
2649  12
2650  9
2651  9
2652  9
2653  9
2654  9
2655  9
2656  9
2657  9
2658  9
2659  9
2660  9
2661  9
2662  9
2663  9
2664  9
2665  9
2666  9
2667  9
2668  11
2669  11
2670  11
2671  9
2672  9
2673  9
2674  11
2675  9
2676  9
2677  9
2678  9
2679  9
2680  9
2681  9
2682  9
2683  9
2684  9
2685  9
2686  9
2687  9
2688  9
2689  9
2690  9
2691  9
2692  9
2693  9
2694  9
2695  9
2696  9
2697  9
2698  9
2699  9
2700  9
2701  9
2702  9
2703  11
2704  9
2705  9
2706  11
2707  9
2708  9
2709  9
2710  9
2711  9
2712  11
2713  9
2714  11
2715  9
2716  11
2717  9
2718  9
2719  9
2720  9
2721  9
2722  9
2723  9
2724  9
2725  9
2726  9
2727  9
2728  9
2729  9
2730  9
2731  9
2732  9
2733  9
2734  14
2735  9
2736  9
2737  10
2738  10
2739  9
2740  9
2741  9
2742  9
2743  9
2744  9
2745  9
2746  9
2747  9
2748  9
2749  11
2750  8
2751  9
2752  13
2753  9
2754  9
2755  9
2756  9
2757  9
2758  9
2759  9
2760  9
2761  9
2762  9
2763  9
2764  11
2765  10
2766  9
2767  9
2768  9
2769  9
2770  9
2771  9
2772  9
2773  9
2774  9
2775  9
2776  9
2777  11
2778  9
2779  9
2780  9
2781  10
2782  11
2783  9
2784  10
2785  9
2786  9
2787  9
2788  10
2789  9
2790  13
2791  9
2792  9
2793  9
2794  9
2795  9
2796  9
2797  9
2798  10
2799  9
2800  9
2801  9
2802  9
2803  9
2804  9
2805  11
2806  8
2807  10
2808  9
2809  9
2810  9
2811  9
2812  10
2813  11
2814  11
2815  9
2816  9
2817  9
2818  10
2819  9
2820  9
2821  9
2822  9
2823  9
2824  9
2825  9
2826  9
2827  9
2828  9
2829  9
2830  9
2831  9
2832  9
2833  9
2834  9
2835  9
2836  9
2837  11
2838  11
2839  9
2840  9
2841  9
2842  11
2843  12
2844  9
2845  11
2846  9
2847  10
2848  9
2849  9
2850  11
2851  9
2852  9
2853  11
2854  9
2855  9
2856  9
2857  9
2858  9
2859  9
2860  9
2861  9
2862  9
2863  11
2864  9
2865  9
2866  9
2867  9
2868  9
2869  9
2870  8
2871  11
2872  9
2873  9
2874  9
2875  9
2876  9
2877  9
2878  9
2879  9
2880  9
2881  11
2882  9
2883  9
2884  9
2885  9
2886  9
2887  11
2888  9
2889  9
2890  9
2891  9
2892  9
2893  9
2894  11
2895  9
2896  9
2897  11
2898  9
2899  9
2900  9
2901  9
2902  9
2903  9
2904  9
2905  9
2906  9
2907  9
2908  9
2909  11
2910  9
2911  9
2912  9
2913  9
2914  9
2915  9
2916  9
2917  9
2918  9
2919  9
2920  9
2921  11
2922  9
2923  9
2924  11
2925  11
2926  9
2927  9
2928  9
2929  8
2930  9
2931  9
2932  8
2933  9
2934  9
2935  9
2936  10
2937  9
2938  9
2939  9
2940  10
2941  9
2942  9
2943  9
2944  9
2945  9
2946  8
2947  9
2948  10
2949  9
2950  9
2951  9
2952  10
2953  10
2954  9
2955  9
2956  9
2957  11
2958  9
2959  9
2960  9
2961  9
2962  9
2963  8
2964  13
2965  9
2966  9
2967  9
2968  9
2969  9
2970  9
2971  9
2972  9
2973  11
2974  9
2975  11
2976  10
2977  9
2978  9
2979  9
2980  9
2981  9
2982  9
2983  9
2984  11
2985  11
2986  9
2987  9
2988  9
2989  9
2990  9
2991  9
2992  9
2993  9
2994  9
2995  9
2996  9
2997  9
2998  9
2999  9
3000  9
3001  9
3002  11
3003  9
3004  9
3005  9
3006  9
3007  9
3008  9
3009  9
3010  11
3011  9
3012  9
3013  9
3014  9
3015  10
3016  9
3017  9
3018  9
3019  9
3020  9
3021  9
3022  9
3023  9
3024  9
3025  9
3026  11
3027  9
3028  8
3029  11
3030  9
3031  9
3032  9
3033  9
3034  10
3035  9
3036  9
3037  11
3038  9
3039  9
3040  9
3041  9
3042  9
3043  9
3044  9
3045  9
3046  8
3047  9
3048  9
3049  9
3050  9
3051  9
3052  9
3053  10
3054  9
3055  9
3056  9
3057  9
3058  8
3059  9
3060  8
3061  12
3062  9
3063  9
3064  9
3065  9
3066  13
3067  9
3068  9
3069  9
3070  9
3071  9
3072  9
3073  9
3074  9
3075  9
3076  9
3077  11
3078  9
3079  9
3080  9
3081  9
3082  9
3083  9
3084  11
3085  9
3086  9
3087  9
